0 662 410 39 106 483 406 33 137 376 402 45 98 415 406 45 126 486 378 55 195 540 365 89 255 
1 481 407 32 133 377 399 44 102 660 409 41 107 414 403 46 130 486 376 58 207 540 363 91 262 
2 481 403 30 136 789 376 55 180 660 409 40 109 376 397 44 106 414 402 48 131 485 375 62 206 539 364 93 263 
3 661 408 39 113 789 376 55 180 374 407 47 108 414 402 48 131 549 366 91 263 482 377 69 207 
4 662 412 38 110 788 377 55 179 377 408 45 106 414 407 47 124 540 367 90 263 484 376 65 213 
5 459 407 40 130 661 413 39 106 788 378 55 179 376 408 44 106 413 406 49 125 538 369 90 262 481 375 65 210 
6 661 415 38 104 377 406 43 110 413 402 49 128 789 377 54 184 536 370 92 261 480 373 67 217 
7 456 406 41 127 376 405 44 113 411 404 50 125 790 377 54 185 547 369 99 287 475 372 70 207 
8 375 396 44 111 790 378 53 185 409 407 54 124 551 368 96 288 476 375 71 213 
9 367 399 45 104 790 377 53 186 408 408 56 123 548 365 99 294 477 375 72 219 
10 790 377 52 187 407 412 57 117 363 409 49 105 548 362 99 300 475 374 73 223 
11 789 376 53 186 407 409 55 120 365 407 47 108 541 360 115 302 469 371 82 224 
12 789 377 54 185 365 397 44 111 542 356 116 308 466 374 85 228 
13 788 376 55 186 363 395 46 114 542 356 116 307 461 372 90 239 
14 788 374 56 188 363 395 44 111 538 352 127 303 460 367 92 247 
15 788 374 56 189 363 398 43 108 540 353 122 315 459 365 91 251 
16 789 373 55 191 361 396 45 114 460 365 87 248 541 349 120 327 
17 538 393 20 40 409 402 47 130 791 377 56 188 360 395 44 115 459 368 88 244 540 349 121 330 
18 537 394 19 39 795 375 53 193 410 400 46 133 360 395 43 115 457 367 89 250 538 351 128 330 
19 437 376 72 217 537 395 19 37 796 375 53 193 413 397 43 138 358 403 46 115 455 368 90 246 539 356 130 332 
20 796 375 53 194 414 384 40 138 356 393 45 118 454 364 91 254 538 359 135 338 
21 537 395 18 40 797 376 54 192 414 388 39 130 354 405 49 111 454 362 90 257 539 359 136 346 
22 414 390 38 126 797 373 54 195 352 405 49 111 455 363 87 255 539 353 139 358 
23 414 391 35 120 799 373 52 197 350 389 48 124 438 360 84 268 541 355 137 359 
24 799 375 55 193 413 393 30 112 349 389 49 124 435 360 91 270 543 354 132 363 
25 799 376 57 193 415 392 29 115 349 388 48 126 433 360 95 273 541 348 139 370 
26 414 393 29 114 799 376 58 196 348 385 49 131 430 360 100 273 542 344 139 373 
27 520 394 19 49 415 392 28 113 800 375 60 200 348 387 47 130 428 360 99 275 542 343 143 376 
28 801 372 59 201 342 386 46 129 427 359 99 280 546 343 144 377 
29 391 386 30 118 341 385 46 133 426 351 99 318 545 339 154 379 
30 815 369 58 206 338 406 49 117 423 355 99 311 548 339 158 377 
31 336 407 51 115 421 351 97 320 549 334 157 389 
32 817 369 57 208 517 391 20 54 334 408 51 113 411 352 111 319 551 330 154 395 
33 518 390 19 58 333 391 51 120 406 353 114 323 553 330 154 397 
34 544 391 18 56 519 391 19 58 332 391 53 120 401 354 119 320 555 335 148 383 
35 543 392 19 59 520 391 20 61 332 392 51 118 818 370 61 210 405 354 114 321 555 339 150 373 
36 519 391 19 62 331 410 53 112 330 391 69 174 819 372 61 210 398 355 119 325 548 334 195 381 
37 519 391 20 63 333 407 50 119 334 388 67 179 818 373 63 211 392 358 125 328 550 339 193 378 
38 520 392 19 57 951 339 36 262 338 387 65 181 334 402 48 128 820 371 63 213 388 355 127 333 552 344 195 373 
39 340 388 63 183 521 392 20 56 951 343 38 255 335 405 46 124 822 373 60 214 385 352 128 336 555 344 199 378 
40 483 387 41 113 521 391 20 59 339 388 64 175 951 347 41 248 334 402 45 133 822 371 63 217 372 357 130 343 558 343 206 376 
41 468 388 16 26 482 389 41 113 521 391 21 61 334 389 65 174 950 348 43 260 329 400 47 137 823 370 64 220 365 357 138 346 563 343 208 372 
42 469 388 16 26 482 389 41 115 519 390 20 63 326 397 48 145 823 368 65 225 944 347 49 296 361 356 140 348 571 338 201 378 
43 468 389 17 27 479 392 44 114 519 391 20 60 326 393 46 148 822 368 66 226 941 352 52 292 353 354 147 350 575 332 200 384 
44 518 391 20 61 468 389 17 27 479 391 43 117 326 395 43 143 822 367 69 230 940 356 57 285 352 358 145 348 574 322 209 403 
45 469 389 16 26 518 391 20 62 315 404 47 130 479 389 42 122 824 365 66 236 936 350 64 293 350 356 143 360 571 316 220 413 
46 469 390 16 26 314 404 47 131 479 388 42 126 518 391 20 62 925 353 78 288 826 364 69 239 348 355 144 362 570 316 224 410 
47 469 390 16 26 312 406 46 128 477 388 42 129 518 390 20 63 922 352 84 289 828 368 70 236 344 353 143 360 573 319 247 404 
48 309 398 45 139 307 374 61 215 518 392 20 60 474 386 46 154 921 347 84 297 833 369 65 237 337 347 144 368 571 320 255 403 
49 307 376 61 222 518 392 20 60 471 386 49 154 904 350 115 323 833 367 67 243 336 345 147 370 569 326 266 394 
50 449 391 18 53 518 390 19 61 463 389 51 148 909 345 117 335 832 369 68 235 328 346 157 374 572 319 272 400 
51 449 394 18 52 518 391 19 59 463 386 50 154 834 369 69 232 914 343 116 336 323 347 161 374 577 309 276 417 
52 470 389 16 25 606 383 30 86 448 394 19 52 518 391 19 58 833 365 73 233 462 387 52 155 915 346 120 332 293 344 174 378 576 301 299 433 
53 607 378 30 101 448 393 19 56 517 390 20 60 830 367 80 225 462 384 51 161 920 347 117 332 292 343 171 381 579 305 305 424 
54 446 393 20 57 606 380 30 114 517 390 19 60 834 366 79 225 463 382 50 165 935 346 108 338 580 304 314 426 289 343 171 381 
55 606 380 31 113 833 372 84 212 516 389 19 62 463 385 49 163 936 345 110 342 285 338 168 388 585 304 313 427 
56 837 377 81 193 605 380 32 112 516 389 19 62 462 386 50 162 288 327 161 409 937 344 119 346 594 298 318 438 
57 605 381 32 110 516 389 19 61 452 379 61 189 939 338 120 354 281 326 162 410 611 301 311 432 
58 427 394 39 147 604 381 33 109 516 390 20 61 453 379 62 184 622 302 306 429 946 335 120 359 270 330 175 401 
59 605 377 34 104 516 391 20 59 452 378 60 187 639 281 325 427 945 331 124 364 261 329 186 406 
60 517 391 20 56 605 378 32 103 450 380 60 183 944 326 129 374 228 335 201 388 652 236 324 504 
61 410 398 49 147 517 392 20 55 606 382 31 109 942 325 131 376 450 382 60 180 665 229 341 503 212 326 219 405 
62 407 400 51 147 605 377 32 105 517 392 20 57 949 309 131 377 447 384 62 175 214 327 218 390 677 224 342 511 
63 515 392 21 58 605 383 31 106 969 336 87 211 446 385 65 174 198 317 231 408 691 229 351 504 
64 404 403 50 143 515 391 21 60 974 330 82 211 606 383 30 107 446 386 65 175 200 318 224 399 706 220 411 499 
65 515 391 21 61 393 390 59 177 605 382 31 108 164 324 233 390 446 386 65 174 723 223 415 498 
66 405 394 49 158 515 391 20 61 606 384 30 106 445 387 65 169 156 312 237 407 746 218 377 503 
67 516 391 20 61 397 386 57 171 605 383 30 106 443 387 66 171 153 310 243 408 782 205 441 521 
68 515 391 20 61 397 389 59 168 605 385 31 105 442 391 68 166 141 323 252 384 802 195 435 521 
69 604 384 32 105 396 387 61 172 443 392 68 166 837 189 414 529 146 287 238 431 
70 604 384 32 106 393 389 62 171 872 373 84 234 444 393 66 166 136 285 247 435 883 207 383 482 
71 515 392 21 60 605 383 30 107 876 367 80 257 980 331 93 140 391 391 64 168 445 393 65 163 936 174 324 533 105 286 245 432 
72 514 392 21 59 604 383 32 107 875 361 81 262 969 337 91 272 388 395 65 162 969 165 304 548 446 393 65 162 98 287 244 432 
73 603 384 33 107 512 392 22 58 877 360 79 271 388 395 66 163 1019 138 258 575 962 323 112 351 444 391 66 166 81 273 260 454 
74 512 391 23 59 603 383 35 110 877 366 81 260 387 395 65 169 445 391 65 170 28 278 300 438 969 325 114 391 
75 506 388 33 79 604 382 34 110 879 363 82 265 386 394 65 171 445 392 63 170 969 317 116 399 18 279 299 435 
76 506 388 34 79 878 361 85 270 603 383 34 110 385 395 64 171 446 392 63 171 967 318 123 395 9 282 296 426 
77 880 362 84 268 603 383 32 111 242 375 70 190 385 394 64 171 2 280 296 428 981 320 118 393 446 390 64 171 
78 882 368 82 261 602 382 34 114 238 377 69 188 384 393 63 175 0 278 266 433 986 322 115 389 447 390 64 170 
79 602 382 34 113 227 379 75 192 383 396 63 170 4 264 251 454 989 323 114 385 446 391 64 167 
80 904 361 81 272 602 382 34 114 223 378 76 196 384 395 63 166 993 326 113 381 446 391 64 167 0 250 242 464 
81 602 383 33 113 900 359 87 280 219 378 77 200 383 397 65 162 999 321 114 392 445 393 63 163 0 251 217 469 
82 330 386 45 109 602 383 34 114 894 359 93 304 217 377 78 210 382 396 66 163 1002 322 117 392 446 391 61 163 0 256 177 460 
83 329 385 48 110 602 384 33 113 895 358 93 308 384 396 64 164 212 377 82 211 3 250 143 465 447 391 60 165 1008 316 122 405 
84 330 385 48 110 600 382 37 115 0 263 118 435 896 354 93 316 384 396 65 164 207 375 86 212 446 390 60 164 1011 320 127 399 
85 601 382 36 116 896 352 95 318 384 397 63 163 200 374 83 220 447 391 59 164 1012 315 131 404 
86 600 382 37 115 896 354 100 318 383 399 63 166 446 393 58 165 200 375 81 224 1030 318 123 393 
87 496 392 20 52 600 381 37 116 900 359 98 310 381 399 65 164 444 394 59 161 197 379 81 215 1034 317 124 397 
88 495 393 19 52 601 381 35 117 904 354 95 319 379 400 64 164 441 396 61 158 195 381 78 213 1040 317 122 399 
89 495 393 18 52 601 381 34 118 907 357 95 312 378 400 64 164 195 379 76 214 441 397 61 159 1048 320 131 393 
90 494 394 19 52 377 401 63 165 192 377 77 219 441 397 61 160 1051 322 138 386 
91 915 350 95 326 494 393 19 52 377 403 64 164 190 377 77 220 1057 314 141 401 442 397 60 162 
92 440 388 23 27 494 393 18 53 905 349 122 329 377 404 64 163 191 379 75 221 1070 304 143 418 442 396 60 164 
93 495 393 18 54 903 352 128 328 376 403 66 161 187 377 79 227 1077 310 138 409 441 394 62 164 
94 495 393 18 54 899 352 137 326 376 406 63 163 1085 310 138 408 185 380 77 225 440 392 62 168 
95 495 393 18 56 904 346 131 345 1095 310 144 406 375 403 63 164 180 376 82 232 437 389 67 169 
96 495 393 18 56 909 352 128 337 374 401 62 167 1096 293 152 412 177 374 86 240 437 387 67 170 
97 496 394 17 54 906 354 133 337 374 403 62 165 1093 297 162 403 176 377 85 234 437 389 67 170 
98 597 383 26 116 496 393 18 55 372 400 63 167 1119 316 144 392 173 377 85 234 904 355 137 335 436 386 68 173 
99 496 394 18 55 597 382 26 117 371 400 63 168 911 359 130 333 172 378 85 233 1127 315 141 396 435 387 67 171 
100 496 395 18 52 601 381 36 120 914 362 128 333 368 402 65 166 1133 318 138 392 169 379 86 234 433 388 69 172 
101 496 396 17 51 596 382 26 118 915 362 129 332 367 402 67 166 1138 324 136 378 163 379 90 238 434 388 66 171 
102 496 396 17 50 601 382 36 120 916 363 127 330 367 402 67 166 1144 319 134 390 157 377 95 242 434 389 66 170 
103 602 381 35 122 596 383 26 118 495 395 17 52 366 398 66 169 921 353 137 349 157 377 92 243 1148 319 131 393 432 390 67 169 
104 602 381 34 122 596 384 26 118 495 395 17 51 922 352 138 352 365 397 67 169 1158 318 119 393 136 375 108 252 432 390 67 169 
105 596 383 26 119 495 395 18 51 924 352 137 358 1165 315 111 399 365 395 67 172 133 378 106 247 432 392 67 169 
106 596 383 27 120 495 395 18 52 1170 322 105 392 927 352 141 359 365 392 66 174 126 380 108 244 431 390 69 174 
107 601 380 35 125 495 394 18 53 595 382 26 120 1202 324 74 386 366 387 65 178 929 351 144 359 116 389 119 248 430 390 69 176 
